Yo!
0: 7 13 25 27 67 97 115 135 141 151 177 195 211 235 277 291 297 315 331 343 345 381 391 427 447 471 507 555 577 625 685 711 735 763 765 781 795 811 823 843 865 871 877 883 895 897 913 927 931 961 997 1003 1005 1035 1045 1051 1075 1081 1093 1105 1131 1137 1155 1203 1227 1255 1303 1317 1333 1345 1347 1365 1371 1411 1417 1423 1435 1443 1465 1483 1521 1527 1533 1555 1563 1567 1575 1617 1621 1645 1777 1801 1807 1833 1855 1863 1873 1887 1941 1953 1975 1981 2017 2055 2071 2083 2097 2101 2115 2121 2163 2167 2193 2197 2215 2241 2253 2277 2307 2335 2361 2395 2403 2473 2487 2523 2527 2533 2593 2601 2607 2613 2691 2697 2713 2743 2773 2775 2781 2817 2841 2863 2895 2937 2941 2943 2965 2967 2971 2977 2995 3045 3063 3067 3075 3105 3133 3151 3153 3165 3171 3177 3181 3205 3271 3283 3291 3315 3363 3385 3417 3445 3447 3501 3523 3535 3553 3565 3583 3591 3597 3627 3667 3685 3693 3735 3777 3787 3817 3885 3907 3955 3961 3997 4005 4015 4035 4045 4063 4095
1: 11 33 39 53 63 65 81 89 95 101 119 123 129 131 183 185 219 221 275 285 303 305 309 339 341 353 375 381 393 429 441 453 459 465 479 483 521 543 549 575 579 581 611 623 633 651 675 735 743 749 789 815 875 891 903 921 953 999 1001 1041 1043 1053 1055 1059 1065 1073 1095 1103 1169 1179 1275 1319 1361 1389 1395 1415 1421 1431 1433 1485 1509 1515 1533 1551 1563 1593 1601 1625 1629 1653 1659 1661 1673 1715 1733 1775 1779 1821 1859 1871 1961 1995 2009 2013 2039
2: 25 27 33 37 39 55 99 159 163 219 223 225 235 277 289 315 343 375 427 445 483 513 517 553 559 565 573 589 627 637 639 645 649 655 663 669 715 733 757 765 819 823 837 847 853 859 865 879 915 939 957 979
3: 45 71 77 105 107 119 155 177 249 305 335 347 357 371 395 407 431 437 447 507
4: 45 73 127 151 157 171 193 235 243
5: 5 33 51 63 81 125
6: 7 27 37 43
7: 15 17 29
8: 13
9:
10: 3
11:
