0
54
-12 4 -12 -4
-12 -4 -8 -4
-8 -4 -8 0
-8 0 -9 0
-9 0 -9 4
-9 4 -12 4
-11 1 -11 3
-11 3 -10 3
-10 3 -10 1
-10 1 -11 1
-11 -1 -9 -1
-9 -1 -9 -3
-9 -3 -11 -3
-11 -3 -11 -1
-7 4 -7 -4
-7 -4 -3 -4
-3 -4 -3 4
-3 4 -7 4
-6 3 -6 -3
-6 -3 -4 -3
-4 -3 -4 3
-4 3 -6 3
-2 4 -2 -4
-2 -4 2 -4
2 -4 2 4
2 4 -2 4
-1 3 -1 -3
-1 -3 1 -3
1 -3 1 3
1 3 -1 3
3 4 3 0
3 0 6 0
6 0 6 -3
6 -3 4 -3
4 -3 4 -2
4 -2 3 -2
3 -2 3 -4
3 -4 7 -4
7 -4 7 1
7 1 4 1
4 1 4 3
4 3 6 3
6 3 6 2
6 2 7 2
7 2 7 4
7 4 3 4
8 4 8 2
8 2 9 2
9 2 9 -4
9 -4 11 -4
11 -4 11 2
11 2 12 2
12 2 12 4
12 4 8 4
